[gd_scene load_steps=5 format=3 uid="uid://blm8yga66m6ca"]

[ext_resource type="Script" uid="uid://duvxdewghpobe" path="res://addons/ds_basebuilder/components/foundation_component.gd" id="1_asxrh"]
[ext_resource type="Material" uid="uid://x4elnp2etm22" path="res://addons/ds_basebuilder/example_components_scenes/dark_brown_material.tres" id="2_kbbdr"]
[ext_resource type="PackedScene" uid="uid://bne3htb4acllm" path="res://addons/ds_basebuilder/connections/Connection.tscn" id="3_h7ydh"]
[ext_resource type="Material" uid="uid://b5qkl6glreqb5" path="res://addons/ds_basebuilder/example_components_scenes/brown_material.tres" id="3_s4pk6"]

[node name="TriangleFoundation" type="Node3D"]
script = ExtResource("1_asxrh")
COMPONENT_TYPE = 3

[node name="CenterPoint" type="Node3D" parent="."]

[node name="Post1" type="CSGCylinder3D" parent="CenterPoint"]
transform = Transform3D(-1, 0, -8.74228e-08, 0, 1, 0, 8.74228e-08, 0, -1, 0, -2, 2.3)
radius = 0.3
height = 4.1
material = ExtResource("2_kbbdr")

[node name="Post2" type="CSGCylinder3D" parent="CenterPoint"]
transform = Transform3D(-1, 0, -8.74228e-08, 0, 1, 0, 8.74228e-08, 0, -1, 2, -2, -1.155)
radius = 0.3
height = 4.1
material = ExtResource("2_kbbdr")

[node name="Post3" type="CSGCylinder3D" parent="CenterPoint"]
transform = Transform3D(-1, 0, -8.74228e-08, 0, 1, 0, 8.74228e-08, 0, -1, -2, -2, -1.155)
radius = 0.3
height = 4.1
material = ExtResource("2_kbbdr")

[node name="Side1" type="CSGBox3D" parent="CenterPoint"]
transform = Transform3D(1, 0, 0, 0, 1, 0, 0, 0, 1, 0, -2, -1.155)
use_collision = true
size = Vector3(4, 4, 0.5)
material = ExtResource("3_s4pk6")

[node name="Side2" type="CSGBox3D" parent="CenterPoint"]
transform = Transform3D(-0.5, 0, 0.866025, 0, 1, 0, -0.866025, 0, -0.5, -1.00026, -2, 0.5775)
use_collision = true
size = Vector3(4, 4, 0.5)
material = ExtResource("3_s4pk6")

[node name="Side3" type="CSGBox3D" parent="CenterPoint"]
transform = Transform3D(-0.5, 0, -0.866026, 0, 1, 0, 0.866026, 0, -0.5, 1.00026, -2, 0.5775)
use_collision = true
size = Vector3(4, 4, 0.5)
material = ExtResource("3_s4pk6")

[node name="Side4" type="CSGBox3D" parent="CenterPoint"]
transform = Transform3D(-0.5, 0, -0.866026, 0, 1, 0, 0.866026, 0, -0.5, 0.577695, -2, 0.333532)
use_collision = true
size = Vector3(3.4, 3.9, 1)
material = ExtResource("3_s4pk6")

[node name="Side5" type="CSGBox3D" parent="CenterPoint"]
transform = Transform3D(-0.5, 0, -0.866026, 0, 1, 0, 0.866026, 0, -0.5, -0.114812, -2, -0.066287)
use_collision = true
size = Vector3(2.3, 3.85, 0.9)
material = ExtResource("3_s4pk6")

[node name="Side6" type="CSGBox3D" parent="CenterPoint"]
transform = Transform3D(-0.5, 0, -0.866026, 0, 1, 0, 0.866026, 0, -0.5, -0.776393, -2, -0.44825)
use_collision = true
size = Vector3(1.7, 3.9, 0.7)
material = ExtResource("3_s4pk6")

[node name="Side7" type="CSGBox3D" parent="CenterPoint"]
transform = Transform3D(-0.5, 0, -0.866026, 0, 1, 0, 0.866026, 0, -0.5, -1.33052, -2, -0.768177)
use_collision = true
size = Vector3(1, 3.85, 0.7)
material = ExtResource("3_s4pk6")

[node name="LeftWallConnection" parent="." instance=ExtResource("3_h7ydh")]
transform = Transform3D(-0.5, 0, -0.866026, 0, 1, 0, 0.866026, 0, -0.5, 1.00026, 0, 0.5775)
accepts = Array[int]([1])

[node name="RightWallConnection" parent="." instance=ExtResource("3_h7ydh")]
transform = Transform3D(-0.5, 0, 0.866025, 0, 1, 0, -0.866025, 0, -0.5, -1.00026, 0, 0.5775)
accepts = Array[int]([1])

[node name="FrontWallConnection" parent="." instance=ExtResource("3_h7ydh")]
transform = Transform3D(1, 0, -2.98023e-08, 0, 1, 0, 2.98023e-08, 0, 1, -5.96046e-08, 0, -1.155)
accepts = Array[int]([1])

[node name="Deconstruct" parent="." instance=ExtResource("3_h7ydh")]
accepts = Array[int]([5])

[node name="LeftSquare" parent="." instance=ExtResource("3_h7ydh")]
transform = Transform3D(0.5, 0, 0.866026, 0, 1, 0, -0.866026, 0, 0.5, 2.732, 0, 1.577)
accepts = Array[int]([0])

[node name="RightSquare" parent="." instance=ExtResource("3_h7ydh")]
transform = Transform3D(0.5, 0, -0.866026, 0, 1, 0, 0.866026, 0, 0.5, -2.732, 0, 1.577)
accepts = Array[int]([0])

[node name="FrontSquare" parent="." instance=ExtResource("3_h7ydh")]
transform = Transform3D(-1, 0, 8.74228e-08, 0, 1, 0, -8.74228e-08, 0, -1, 0, 0, -3.155)
accepts = Array[int]([0])

[node name="FrontTri" parent="." instance=ExtResource("3_h7ydh")]
transform = Transform3D(-1, 0, 8.74228e-08, 0, 1, 0, -8.74228e-08, 0, -1, 0, 0, -2.31)
accepts = Array[int]([3])

[node name="RightTri" parent="." instance=ExtResource("3_h7ydh")]
transform = Transform3D(0.5, 0, -0.866025, 0, 1, 0, 0.866025, 0, 0.5, -2, 0, 1.155)
accepts = Array[int]([3])

[node name="LeftTri" parent="." instance=ExtResource("3_h7ydh")]
transform = Transform3D(0.5, 0, 0.866025, 0, 1, 0, -0.866025, 0, 0.5, 2, 0, 1.155)
accepts = Array[int]([3])
